1111111111111111111111111111111111111111111111111100000000000010000000000000000000000001
1000000000000000000000000000000000000000000000000100000000000010000000000000000000000001
1000000000000000000000000000000000000000000000000100000000000010000000000000000000000001
1000000000000000000000000000000000000000000000000100000000000010000000000000000000000001
1000001111111111111111111111111111111111111111123100000000000010000000000000000000000001
1000004000000000000000000000000000000000000004000100000000000010000000000000000000000001
1000004000000000000000000000000000000000000004000100000000000010000000000000000000000001
1000004000000000000000000000000000000000000004000100000000000010000000000000000000000001
1000004000000000000000000000000000000000000004000100000000000010000000000000000000000001
1000004000000000000000000000000000000000000004000100000000000010000000000000000000000001
1000004404111111111111111111111111111111111111000100000000000010000000000000000000000001
1000004000100000000000000000000000000000000000000100000000000010000000000000000000000001
1000004000100000000000000000000000000000000000000100000000000010000000000000000000000001
1000001000100000000000000000000000000000000000000100000000000010000000000000000000000001
1000001000100000000000000000000000000000000000000100000000000010000000000000000000000001
1000001000100000000000000000000000000000000000000100000000000010000000000000000000000001
1000001000100000000000000000000000000000000000000100000000000010000000000000000000000001
1000001000100000000000000000000000000000000000000100000000000010000000000000000000000001
1000001000100000000000000000000000000000000000000100000000000010000000000000000000000001
1000001000100000000000000000000000000000000000000100000000000010000000000000000000000001
1000001000100000000000000000000000000000000000000100000000000010000000000000000000000001
1000001000100000000000000000000000000000000000000100000000000010000000000000000000000001
1000001000100000000000000000000000000000000000000100000000000010000000000000000000000001
1000000000000000000000000000000000000000000000000100000000000010000000000000000000000001
1000000000000000000000000000000000000000000000000100000000000010000000000000000000000001
1000000000000000000000000000000000000000000000000100000000000010000000000000000000000001
1000000000000000000000000000000000000000000000000100000000000010000000000000000000000001
1000000000000000000000000000000000000000000000000100000000000010000000000000000000000001
1000000000000000000000000000000000000000000000000100000000000010000000000000000000000001
1000000000000000000000000000000000000000000000000100000000000010000000000000000000000001
1000000000000000000000000000000000000000000000000100000000000010000000000000000000000001
1000000000000000000000000000000000000000000000000100000000000010000000000000000000000001
1000000000000000000000000000000000000000000000000100000000000010000000000000000000000001
1000000000000000000000000000000000000000000000000100000000000010000000000000000000000001
1000000000000000000000000000000000000000000000000100000000000010000000000000000000000001
1000000000000000000000000000000000000000000000000100000000000010000000000000000000000001
1000000000000000000000000000000000000000000000000100000000000010000000000000000000000001
1000000000000000000000000000000000000000000000000100000000000010000000000000000000000001
1000000000000000000000000000000000000000000000000100000000000010000000000000000000000001
1000000000000000000000000000000000000000000000000100000000000010000000000000000000000001
1000000000000000000000000000000000000000000000000100000000000010000000000000000000000001
1000000000000000000000000000000000000000000000000100000000000010000000000000000000000001
1000000000000000000000000000000000000000000000000100000000000010000000000000000000000001
1000000000000000000000000000000000000000000000000100000000000010000000000000000000000001
1000000000000000000000000000000000000000000000000100000000000010000000000000000000000001
1000000000000000000000000000000000000000000000000100000000000010000000000000000000000001
1000000000000000000000000000000000000000000000000100000000000010000000000000000000000001
1000000000000000000000000000000000000000000000000100000000000010000000000000000000000001
1000000000000000000000000000000000000000000000000100000000000010000000000000000000000001
1111111111111111111111111111111111111111111111111100000000000010000000000000000000000001
00000000000010000000000000000000000001